3.429000000000000000e+03
7.453000000000000000e+03
6.006000000000000000e+03
6.738000000000000000e+03
8.790000000000000000e+03
1.238000000000000000e+03
2.393000000000000000e+03
1.187000000000000000e+03
3.857000000000000000e+03
6.172000000000000000e+03
7.112000000000000000e+03
1.600000000000000000e+02
2.464000000000000000e+03
1.749000000000000000e+03
3.880000000000000000e+02
3.743000000000000000e+03
7.962000000000000000e+03
8.175000000000000000e+03
6.938000000000000000e+03
2.252000000000000000e+03
4.675000000000000000e+03
1.537000000000000000e+03
9.430000000000000000e+02
8.305000000000000000e+03
2.406000000000000000e+03
2.689000000000000000e+03
3.045000000000000000e+03
3.774000000000000000e+03
7.958000000000000000e+03
2.056000000000000000e+03
1.012000000000000000e+03
8.833000000000000000e+03
8.368000000000000000e+03
3.941000000000000000e+03
8.858000000000000000e+03
9.346000000000000000e+03
7.669000000000000000e+03
7.227000000000000000e+03
9.420000000000000000e+02
7.167000000000000000e+03
8.679000000000000000e+03
8.800000000000000000e+02
4.145000000000000000e+03
5.500000000000000000e+03
6.124000000000000000e+03
3.810000000000000000e+02
9.147000000000000000e+03
1.177000000000000000e+03
5.868000000000000000e+03
6.840000000000000000e+02
