9.465138912200927734e-01 5.881301490262558218e-08 5.347755178809165955e-02 7.243464551720535383e-06 4.895460037346310855e-08 1.106213076695894415e-08 1.163602291853749193e-06 9.402639777889021389e-10 1.115926906436470745e-07 5.091373544985344779e-09
2.878448069095611572e-01 1.322721713222563267e-03 3.834346716757863760e-05 3.557645641194540076e-06 6.234024476725608110e-05 1.778877049218863249e-05 1.217902405187487602e-03 7.081944346427917480e-01 1.253267982974648476e-03 4.480326970224268734e-05
1.000000000000000000e+00 1.689300275389111171e-16 1.009731645626628371e-13 7.073602635706763286e-14 9.072517381998081165e-15 1.048378819805515123e-15 2.323401580500093202e-16 1.551360494060627371e-12 4.790374347196646454e-11 3.284020555494038263e-10
9.999626874923706055e-01 5.784524415020086963e-09 3.690248195198364556e-05 3.015052385535454960e-08 2.133363707912394602e-09 9.745028395347077321e-11 2.200790216733139459e-09 4.171328213398162177e-12 3.904315803993085865e-07 2.090962958334330324e-10
6.219732761383056641e-01 3.225717080113099655e-07 3.768463730812072754e-01 1.467770052840933204e-04 3.136115265078842640e-05 2.265221837660646997e-06 7.375548420895938762e-07 9.879632852971553802e-04 1.014803092402871698e-05 8.266534905487787910e-07
1.677861405369185377e-09 9.999808073043823242e-01 1.014365414581108737e-11 2.087334749489855312e-10 1.586615561155468868e-11 2.061954496035411921e-10 1.565024887462129755e-09 1.445103932351532450e-11 1.189150722336052013e-10 1.922557203215546906e-05
8.598944473137137834e-12 9.999998807907104492e-01 8.396866535420599575e-12 3.469666914890368048e-11 3.492460834420008098e-11 3.085432603855409184e-11 3.410525195590707881e-10 1.273870245399599810e-11 4.083532623155861074e-09 7.525137846187135438e-08
3.559966765820377077e-10 1.000000000000000000e+00 1.009080059094502602e-11 4.963816510605845167e-11 1.295551582680687375e-10 1.728817783375191652e-11 2.270829774220217701e-10 4.876291731514825756e-11 2.356121298063840186e-09 2.308735957967655850e-08
1.432114515864668647e-07 9.999684095382690430e-01 1.941961036422412690e-09 1.218960044013783772e-09 1.309238162328085764e-09 1.057777088142586308e-09 3.788565461348980534e-09 1.562684148748161306e-10 3.142221612506546080e-05 3.280839777630717435e-08
2.986286329331733214e-09 9.999952316284179688e-01 1.537319826994121286e-09 4.906847372865286161e-09 3.175370411057087949e-09 2.010328614687750814e-08 4.098509634786751121e-06 4.753655247213828261e-10 2.195424064765916228e-09 6.698555807815864682e-07
5.252377986907958984e-01 9.290684666041215678e-09 4.747613072395324707e-01 1.812685326285645715e-07 2.259152864780844538e-07 1.068921964830771287e-10 7.480900876544183120e-08 1.109850544800394800e-10 3.798984664626914309e-07 7.364687748534493039e-10
7.105441454768879339e-06 3.487827804349308281e-09 9.999779462814331055e-01 1.324246932199457660e-05 3.117476943259589461e-09 3.596980491238355171e-08 1.583576590746815782e-06 3.196762676793696301e-08 1.163323992692255615e-09 2.698795409372678478e-09
1.368805214951862581e-06 4.691342496698780451e-07 9.993510842323303223e-01 2.210595121141523123e-04 2.405163977527990937e-04 4.422910251378198154e-07 1.773962285369634628e-04 1.070431068228572258e-07 1.009676793728431221e-06 6.631187261518789455e-06
2.881754994632501621e-07 8.005310192515935341e-09 9.997950196266174316e-01 2.024039276875555515e-04 1.414442976965801790e-06 8.469375529784883838e-07 1.557492907977575669e-07 1.271191041318786574e-09 5.996486085457775062e-10 3.709475171476128708e-09
9.591016123522422276e-07 3.711900564695724825e-09 1.732887923717498779e-01 3.957279113819822669e-05 1.064616026269504800e-05 8.266593813896179199e-01 1.992458464883384295e-08 5.748890998802380636e-07 3.452951347071575583e-08 8.056746736428976874e-08
1.399772173726887559e-07 8.959105798567179590e-06 4.408526876886753598e-07 9.979895353317260742e-01 8.319319022120907903e-06 6.448689418903086334e-06 2.419886016014061170e-07 1.112954851123504341e-05 1.753151998855173588e-03 2.215365529991686344e-04
3.828387125395238400e-04 2.849163320206571370e-05 1.295111287618055940e-04 5.543839335441589355e-01 2.404232654953375459e-04 4.391763508319854736e-01 2.567939925938844681e-03 2.902915235608816147e-03 1.155172412836691365e-05 1.759821607265621424e-04
3.129388837907337573e-13 1.802763450672872914e-12 7.715979548003626398e-14 1.000000000000000000e+00 3.547687534369292628e-12 1.254164549990832711e-10 4.418394903421551945e-12 3.998827310947028479e-12 1.165534360784157078e-14 1.667896642196589618e-13
6.002146557548826422e-10 1.279491215200323495e-07 9.877508944100554800e-08 9.999831914901733398e-01 7.143295988498721272e-06 5.931055056862533092e-06 3.057278945561847650e-06 1.253553563174136798e-07 1.459758802724309135e-08 3.610783210206136573e-07
5.831953301359271702e-14 1.751797491789108818e-11 2.124876663511798824e-11 1.000000000000000000e+00 2.994778114384644141e-08 2.731018611257240991e-08 3.118364733101230968e-10 2.050308145484791567e-09 1.331860511634419542e-12 8.933705283788867524e-14
1.663162829679265542e-09 1.795024795470112622e-09 4.596391889322148927e-08 7.488623765539159649e-08 9.999995231628417969e-01 2.152609646088876616e-08 6.540591623860336767e-09 4.119968934901407920e-07 5.016366877441669203e-09 1.982822572799136651e-09
3.666766976856417060e-12 8.311884167055971773e-13 8.562674125300873129e-09 1.636640822866297640e-10 1.000000000000000000e+00 2.758088722687457306e-11 1.886986747412500165e-11 9.361587061107456975e-10 1.456120814202765956e-12 9.889249141803446719e-12
3.270446029546292266e-07 5.127211011313193012e-07 1.520028547474794323e-07 6.868720703323560883e-08 9.997530579566955566e-01 1.596098897493902768e-08 2.458124654367566109e-04 1.281214800918917263e-09 4.884921356307359019e-09 3.506705592570824592e-09
8.291770427604205906e-06 5.337249149306444451e-07 7.663049473194405437e-06 4.185275733470916748e-02 9.570060968399047852e-01 1.087405598809709772e-05 1.102554495446383953e-03 5.982793481962289661e-06 2.482673835402238183e-07 4.875298600381938741e-06
2.937992210627626832e-11 8.204783380483249289e-11 5.181543562271517800e-12 1.679830025080875089e-10 9.999998807907104492e-01 1.294148148645035690e-07 4.400862729792009986e-10 3.736463395631606232e-12 8.332586357018278989e-12 5.915036689618791144e-12
9.702705219133411774e-13 1.052426409095617160e-14 9.731014347720730318e-15 3.725018071776275974e-10 7.857228756513734425e-11 1.000000000000000000e+00 3.263505134534772090e-12 1.681886617824202013e-12 1.667602361774889793e-15 6.685241417522455598e-15
6.944220892757257957e-11 5.208787290378324997e-10 6.950227615654114288e-10 2.939196690476819640e-07 3.137077819737044138e-10 9.999996423721313477e-01 5.328795182890644355e-09 5.401294522755506478e-09 1.299430962137249068e-11 8.883725005626175175e-11
2.561377812071441440e-07 8.038106170715764165e-05 4.725289272755617276e-06 7.853979468345642090e-01 1.352003238253018935e-07 2.144138216972351074e-01 5.596410233010828961e-07 1.020754498313181102e-04 9.138165779631890473e-09 9.462512906566189486e-08
1.053095456882147118e-05 2.415826165815815330e-04 8.077370148384943604e-05 1.370558631606400013e-03 4.509006161242723465e-03 9.914371371269226074e-01 1.901264568004989997e-06 1.544373662909492850e-04 2.171495929360389709e-03 2.258728272863663733e-05
6.405593937219844491e-12 7.100885092599373838e-13 6.464905694114619905e-11 9.245800236534762462e-10 2.833637664789723232e-11 1.000000000000000000e+00 4.232048739227778356e-11 2.343695792994537896e-10 9.507051043763578568e-14 4.709506222499992845e-12
7.482040587092342321e-07 1.274810301765683107e-06 4.303065725252963603e-05 4.386936041100852890e-07 3.622673716563440394e-07 5.429239990917267278e-07 9.999530315399169922e-01 3.365794611909223022e-07 2.111159176365617895e-07 6.214028047679676092e-08
2.532047460590547416e-09 4.488800886548460767e-09 2.626093120738914877e-08 1.455533693572874654e-09 4.009113396818975161e-08 4.161213666975527303e-07 9.999995231628417969e-01 2.239064400555434986e-08 3.204823073588158877e-08 1.050311482231336413e-08
6.742736502474144800e-08 2.582278613161292924e-09 6.266463969950564206e-08 4.661581121112590154e-10 4.048210300311438914e-08 6.768035576421027599e-10 9.999997615814208984e-01 3.291376948766355781e-09 1.457323040021663019e-09 2.102484408794680348e-08
5.850521456185475699e-11 6.386021933479923973e-09 2.007794108749294537e-07 1.477871491850635266e-09 2.794714015763588577e-09 5.521280854736687616e-08 9.999996423721313477e-01 9.922059618361345201e-09 4.280759358099572864e-10 5.811118253262748112e-11
1.213079485751222819e-06 4.130851039008121006e-07 4.792111212736926973e-06 1.287318009417504072e-04 9.868384003639221191e-01 1.710887659100990277e-06 1.299479976296424866e-02 2.892497104767244309e-05 7.448470000781526323e-07 2.658839548530522734e-07
2.289508387320893235e-07 7.859520337660796940e-06 1.261832367163151503e-04 5.936161056160926819e-02 9.028884960571303964e-06 3.113316297531127930e-01 3.247067979827988893e-06 6.291596889495849609e-01 7.554268677267828025e-08 5.425748099696647841e-07
4.057635294429928763e-08 2.496602462542796275e-07 6.713055427098879591e-07 1.477454105724973488e-07 8.951608538627624512e-01 6.513504777103662491e-04 4.189058699921588413e-08 1.041864156723022461e-01 1.150734476595971501e-07 1.211172531156989862e-07
6.496331472760630277e-09 4.073116066649618006e-09 1.124371290517345301e-10 2.328871850920677389e-08 2.053645999922082410e-07 7.063873397328279680e-08 7.246980099351318927e-11 9.999996423721313477e-01 3.283192884229180208e-10 4.390685148791817483e-09
8.112220939437975176e-08 5.141079562065442587e-09 2.475510907373745795e-10 5.757252896643194617e-09 2.074370009097492584e-08 1.857194575904941303e-07 5.684090420565723889e-10 9.999996423721313477e-01 1.971188906546572639e-10 6.270118202422736431e-09
1.283136707996845871e-08 2.050751746196510794e-08 1.489770418139357844e-09 1.808002707548439503e-07 2.367669260650018259e-08 1.721730313875013962e-07 3.579249119312066796e-10 9.999983310699462891e-01 7.559471382201365941e-10 1.229964709636988118e-06
6.395332707853640386e-09 4.842418245971202850e-03 4.932106389965440485e-10 3.011138893782572268e-09 2.358448769612664364e-09 1.237520780295042755e-10 2.012376931759263243e-09 6.863032364634591431e-10 9.951569437980651855e-01 5.778473450845922343e-07
7.433028151315745902e-12 5.998696678277681826e-11 5.155211110427493360e-13 8.079082108175539290e-13 7.145584579766606215e-13 9.600311404135350446e-14 5.166466450349290612e-15 4.719824791415971887e-14 1.000000000000000000e+00 4.573900286297671869e-12
5.551218862365203677e-08 3.440719709146833338e-09 6.523086515386466999e-10 4.180639723294632404e-10 4.551581889167266581e-10 1.022788298499222037e-09 8.388190315955501575e-12 6.598729201945374712e-11 9.999998807907104492e-01 2.041535607233413430e-09
3.228858759030117653e-06 3.285815546405501664e-05 8.444612231706116745e-10 3.919590874090772559e-09 5.768586164300870678e-10 3.753098720693515133e-09 3.745860954751378813e-09 2.794140252504462296e-09 9.999449253082275391e-01 1.890509156510233879e-05
4.351956017778491059e-10 3.796017389312567047e-10 8.136241547163081123e-08 8.808065388166141929e-09 8.034100051901305051e-10 5.830326499367544102e-11 1.237555522469457880e-12 5.818228884790777045e-11 9.999998807907104492e-01 7.264835261144853007e-11
3.808459936305297333e-10 2.618627604533685371e-06 7.733629817270604168e-13 1.478051947327585491e-12 1.762308289750269541e-12 2.529946918627956620e-09 1.225583107222760759e-10 3.639542833777653641e-11 1.158355966701662965e-09 9.999973773956298828e-01
6.365424809473552159e-08 5.170200602151453495e-04 4.440478207357045903e-08 1.716559154374408536e-06 4.604406171893060673e-07 1.055074335454264656e-06 1.482681426523413393e-07 1.282505991184734739e-06 2.963485712825786322e-06 9.994753003120422363e-01
1.127448499005367921e-07 6.439561247825622559e-01 7.894531250940417522e-08 2.854394276496918792e-09 1.816399253229405986e-09 4.140310352340748068e-07 4.762910066347103566e-07 1.886295081021671649e-06 1.242457983607891947e-05 3.560284674167633057e-01
6.175864934921264648e-01 9.150937694357708097e-05 1.275392378374817781e-06 1.169482675322797149e-05 5.965511081740260124e-04 7.198394087026827037e-06 5.260855687083676457e-06 3.035536035895347595e-03 5.223802872933447361e-04 3.781420886516571045e-01
3.849335433736555956e-11 5.763580723794348160e-10 3.155965140372481159e-14 3.631207205583020237e-13 1.061194724759004226e-14 7.796714662777759486e-13 6.239709270106086336e-13 1.067247245439828518e-11 7.672629198651748084e-10 1.000000000000000000e+00
